4294967294,0
4294967278,382
4294967294,417
4294967294,52
4294967278,353
4294967278,255
4294967294,6
4294967278,391
4294967294,83
4294967294,30
4294967294,1166
4294967294,1164
4294967294,1158
4294967294,1019
4294967294,990
4294967294,989
4294967294,987
4294967294,60
4294967294,88
4294967294,12
4294967294,92
4294967294,1415
4294967278,254
4294967278,132
4294967278,131
4294967278,130
4294967278,129
4294967278,128
4294967278,127
4294967278,126
4294967278,125
4294967278,124
4294967278,120
4294967278,119
4294967278,118
4294967278,117
4294967278,116
4294967278,115
4294967278,114
4294967278,113
4294967278,112
4294967278,111
4294967278,110
4294967278,109
4294967278,107
4294967278,106
4294967278,105
4294967278,104
4294967278,102
4294967278,100
4294967278,99
4294967278,98
4294967278,315
4294967278,97
4294967278,349
4294967278,96
4294967278,314
4294967278,95
4294967278,94
4294967278,313
4294967278,93
4294967278,92
4294967278,91
4294967278,90
4294967278,89
4294967278,87
4294967278,86
4294967278,368
4294967278,85
4294967278,364
4294967278,84
4294967278,83
4294967278,363
4294967278,82
4294967278,81
4294967278,80
4294967278,79
4294967278,78
4294967278,77
4294967278,76
4294967278,75
4294967278,74
4294967278,343
4294967278,73
4294967278,72
4294967278,71
4294967278,70
4294967278,69
4294967278,68
4294967278,67
4294967278,66
4294967278,65
4294967278,64
4294967279,553
4294967279,87
4294967279,86
4294967279,84
4294967279,82
4294967279,80
4294967279,0
4294967279,538
4294967279,549
4294967279,70
4294967279,68
4294967279,67
4294967279,523
4294967279,53
4294967279,51
4294967279,290
4294967279,48
4294967279,46
4294967279,45
4294967279,574
4294967279,42
4294967279,41
4294967279,38
4294967279,288
4294967279,314
4294967279,31
4294967279,286
4294967279,30
4294967279,545
4294967279,29
4294967279,544
4294967279,284
4294967279,23
4294967279,283
4294967279,22
4294967279,20
4294967279,17
4294967279,15
4294967279,14
4294967279,12
4294967279,10
4294967279,8
4294967279,7
4294967279,6
4294967279,5
4294967279,4
4294967278,123
4294967278,381
4294967278,122
4294967278,252
4294967278,121
4294967278,251
4294967278,248
4294967278,246
4294967294,471
4294967294,81
4294967278,244
4294967278,242
4294967278,240
4294967278,238
4294967278,237
4294967278,236
4294967278,234
4294967278,232
4294967278,230
4294967278,228
4294967278,108
4294967278,227
4294967278,224
4294967278,222
4294967278,218
4294967278,103
4294967278,217
4294967278,214
4294967294,22
4294967294,17
4294967294,39
4294967294,42
4294967278,101
4294967278,371
4294967294,7
2,2
2,4
4294967294,5
4294967294,1167
4294967294,1163
4294967294,992
4294967294,988
0,5
4294967278,212
4294967278,211
4294967294,50
4294967294,437
4294967294,51
4294967294,25
4294967294,1018
4294967294,26
4294967294,93
4294967294,95
4294967294,67
4294967294,1098
4294967294,11
4294967294,68
4294967294,1418
119,6
119,5
119,4
119,3
119,2
119,1
4294967279,335
116,4
116,3
116,2
116,1
115,4
115,3
115,2
115,1
114,6
4294967294,1421
4294967294,1420
114,5
114,4
114,3
114,2
114,1
113,5
113,4
113,3
113,2
113,1
112,5
112,4
112,3
112,2
112,1
4294967294,470
111,5
111,4
111,3
111,2
111,1
4294967279,334
4294967279,333
4294967293,131
4294967293,130
4294967293,129
4294967293,128
4294967293,127
4294967293,126
4294967293,125
4294967293,124
4294967293,123
4294967293,122
4294967293,121
4294967293,120
4294967293,119
4294967293,118
4294967293,117
4294967293,116
4294967293,115
4294967293,114
4294967293,113
4294967293,112
4294967293,111
4294967293,110
4294967293,109
4294967293,108
4294967293,107
4294967293,106
4294967293,105
4294967293,104
4294967293,103
4294967293,102
4294967293,101
4294967293,100
4294967293,99
4294967293,98
4294967293,97
4294967293,96
4294967293,95
4294967293,94
4294967293,93
4294967293,92
4294967293,91
4294967293,90
4294967293,89
4294967293,88
4294967293,87
4294967293,86
4294967293,85
4294967293,84
4294967293,83
4294967293,82
4294967293,81
4294967293,80
4294967293,79
4294967293,78
4294967293,77
4294967293,76
4294967293,75
4294967293,74
4294967293,73
4294967293,72
4294967293,71
4294967293,70
4294967293,69
4294967293,68
4294967293,67
4294967293,66
4294967293,65
4294967293,64
4294967293,63
4294967293,62
4294967293,61
4294967293,60
4294967293,59
4294967293,58
4294967293,57
4294967293,56
4294967293,55
4294967293,54
4294967293,53
4294967293,52
4294967293,51
4294967293,50
4294967293,49
4294967293,48
4294967293,47
4294967293,46
4294967293,45
4294967293,44
4294967293,43
